{
 "cells": [
  {
   "cell_type": "markdown",
   "id": "a88f7656-040f-42b1-9cb2-fa71aae887a4",
   "metadata": {},
   "source": [
    "What is Numpy? \n",
    "NumPy is the fundamental package for scientific computing in Python. "
   ]
  },
  {
   "cell_type": "markdown",
   "id": "e3139ce2-6338-4145-bd27-60b7e1b93c8b",
   "metadata": {},
   "source": [
    "It is a Python library that provides a multidimensional array object, various derived objects (such as masked arrays and matrices), and an assortment of routines for fast operations on arrays, including mathematical, logical, shape manipulation, sorting, selecting, I/O, discrete Fourier transforms, basic linear algebra, basic statistical operations, random simulation and much more. \n",
    "At the core of the NumPy package, is the ndarray object. This encapsulates n-dimensional arrays of homogeneous data types \n"
   ]
  },
  {
   "cell_type": "code",
   "execution_count": 108,
   "id": "25babaf9-ee46-49c6-a498-e7eae8741189",
   "metadata": {},
   "outputs": [
    {
     "data": {
      "text/plain": [
       "<module 'numpy.version' from 'C:\\\\Users\\\\dravi\\\\anaconda3\\\\Lib\\\\site-packages\\\\numpy\\\\version.py'>"
      ]
     },
     "execution_count": 108,
     "metadata": {},
     "output_type": "execute_result"
    }
   ],
   "source": [
    "import numpy as np\n",
    "import matplotlib.pyplot as plt\n",
    "np.version"
   ]
  },
  {
   "cell_type": "code",
   "execution_count": 68,
   "id": "797d476b-c0ea-4335-9f04-28f735055154",
   "metadata": {},
   "outputs": [
    {
     "data": {
      "text/plain": [
       "'2.3.5'"
      ]
     },
     "execution_count": 68,
     "metadata": {},
     "output_type": "execute_result"
    }
   ],
   "source": [
    "np.__version__"
   ]
  },
  {
   "cell_type": "markdown",
   "id": "63228a7f-8712-4c05-95d1-092fabc2fd9f",
   "metadata": {},
   "source": [
    "# Creating Numpy array "
   ]
  },
  {
   "cell_type": "code",
   "execution_count": 69,
   "id": "d6e3116f-a574-42b4-81b4-a9b8c0ccb458",
   "metadata": {},
   "outputs": [
    {
     "data": {
      "text/plain": [
       "array([ 2,  4,  6,  8, 10])"
      ]
     },
     "execution_count": 69,
     "metadata": {},
     "output_type": "execute_result"
    }
   ],
   "source": [
    "np.array([2,4,6,8,10])                                            # 1D Array"
   ]
  },
  {
   "cell_type": "code",
   "execution_count": 70,
   "id": "2d870797-2531-4fd5-a617-154c4c794e63",
   "metadata": {},
   "outputs": [],
   "source": [
    "mylist=[2,4,6,8,10,12,14,16,18,20]                        # Vector\n",
    "arr=np.array(mylist)"
   ]
  },
  {
   "cell_type": "code",
   "execution_count": 71,
   "id": "867f7857-216e-4fcb-9936-b59905f10c0f",
   "metadata": {},
   "outputs": [
    {
     "data": {
      "text/plain": [
       "array([ 2,  4,  6,  8, 10, 12, 14, 16, 18, 20])"
      ]
     },
     "execution_count": 71,
     "metadata": {},
     "output_type": "execute_result"
    }
   ],
   "source": [
    "arr"
   ]
  },
  {
   "cell_type": "code",
   "execution_count": 72,
   "id": "efd02a8b-3db6-475c-af6c-ee47e6897d56",
   "metadata": {},
   "outputs": [
    {
     "name": "stdout",
     "output_type": "stream",
     "text": [
      "<class 'numpy.ndarray'>\n"
     ]
    }
   ],
   "source": [
    "print(type(arr))"
   ]
  },
  {
   "cell_type": "code",
   "execution_count": null,
   "id": "e630704e-9133-48c7-a1a3-e4b45d3fa883",
   "metadata": {},
   "outputs": [],
   "source": []
  },
  {
   "cell_type": "code",
   "execution_count": 73,
   "id": "7109bc9c-4877-4173-8a43-e144178c0504",
   "metadata": {},
   "outputs": [
    {
     "name": "stdout",
     "output_type": "stream",
     "text": [
      "[[2 3 4 5]\n",
      " [6 7 8 9]]\n"
     ]
    }
   ],
   "source": [
    "TwoD=np.array([[2,3,4,5],[6,7,8,9]])                                  #2D Array  (Matrix)\n",
    "print(TwoD)"
   ]
  },
  {
   "cell_type": "code",
   "execution_count": null,
   "id": "55054538-e515-4c6f-8116-2e864a51d8e1",
   "metadata": {},
   "outputs": [],
   "source": []
  },
  {
   "cell_type": "code",
   "execution_count": 74,
   "id": "0e2b8af9-7a8d-47c3-af2d-661cffe00ca9",
   "metadata": {},
   "outputs": [
    {
     "name": "stdout",
     "output_type": "stream",
     "text": [
      "[[ 2  3  4  5]\n",
      " [ 6  7  8  9]\n",
      " [10 11 12 13]\n",
      " [14 15 16 17]]\n"
     ]
    }
   ],
   "source": [
    "ThreeD=np.array([[2,3,4,5],[6,7,8,9],[10,11,12,13],[14,15,16,17]])                   #3D array (Tensor)\n",
    "print(ThreeD)"
   ]
  },
  {
   "cell_type": "code",
   "execution_count": null,
   "id": "f567d88a-2cdb-4e4b-98e2-6285cb2d6bbc",
   "metadata": {},
   "outputs": [],
   "source": []
  },
  {
   "cell_type": "code",
   "execution_count": 75,
   "id": "25410538-1f56-4f2e-952f-defae32ae90d",
   "metadata": {},
   "outputs": [
    {
     "data": {
      "text/plain": [
       "array([0, 1, 2, 3, 4, 5, 6, 7, 8, 9])"
      ]
     },
     "execution_count": 75,
     "metadata": {},
     "output_type": "execute_result"
    }
   ],
   "source": [
    "np.arange(10)                                               #arange it will print the value within interval "
   ]
  },
  {
   "cell_type": "code",
   "execution_count": null,
   "id": "890f4dd8-8334-4ff5-8c2d-201be7e2b4c8",
   "metadata": {},
   "outputs": [],
   "source": []
  },
  {
   "cell_type": "code",
   "execution_count": 76,
   "id": "c0653674-8981-4cb3-b28e-fcf4cdb2d561",
   "metadata": {},
   "outputs": [
    {
     "data": {
      "text/plain": [
       "array([5, 6, 7, 8, 9])"
      ]
     },
     "execution_count": 76,
     "metadata": {},
     "output_type": "execute_result"
    }
   ],
   "source": [
    "np.arange(5,10)  "
   ]
  },
  {
   "cell_type": "code",
   "execution_count": null,
   "id": "20b17235-975a-45ea-a5ea-c1bec2cea3ec",
   "metadata": {},
   "outputs": [],
   "source": []
  },
  {
   "cell_type": "code",
   "execution_count": 77,
   "id": "938e43d5-80c7-439b-af42-843e7616af0e",
   "metadata": {},
   "outputs": [
    {
     "data": {
      "text/plain": [
       "array([5, 7, 9])"
      ]
     },
     "execution_count": 77,
     "metadata": {},
     "output_type": "execute_result"
    }
   ],
   "source": [
    "np.arange(5,10,2)  "
   ]
  },
  {
   "cell_type": "code",
   "execution_count": null,
   "id": "c22b5b1b-c719-4cff-9e2e-97b38c3cc227",
   "metadata": {},
   "outputs": [],
   "source": []
  },
  {
   "cell_type": "code",
   "execution_count": 78,
   "id": "12659672-c498-474c-baf0-0b4d1333d60e",
   "metadata": {},
   "outputs": [
    {
     "ename": "TypeError",
     "evalue": "Cannot interpret '2' as a data type",
     "output_type": "error",
     "traceback": [
      "\u001b[31m---------------------------------------------------------------------------\u001b[39m",
      "\u001b[31mTypeError\u001b[39m                                 Traceback (most recent call last)",
      "\u001b[36mCell\u001b[39m\u001b[36m \u001b[39m\u001b[32mIn[78]\u001b[39m\u001b[32m, line 1\u001b[39m\n\u001b[32m----> \u001b[39m\u001b[32m1\u001b[39m \u001b[43mnp\u001b[49m\u001b[43m.\u001b[49m\u001b[43marange\u001b[49m\u001b[43m(\u001b[49m\u001b[32;43m5\u001b[39;49m\u001b[43m,\u001b[49m\u001b[32;43m10\u001b[39;49m\u001b[43m,\u001b[49m\u001b[32;43m2\u001b[39;49m\u001b[43m,\u001b[49m\u001b[32;43m2\u001b[39;49m\u001b[43m)\u001b[49m  \n",
      "\u001b[31mTypeError\u001b[39m: Cannot interpret '2' as a data type"
     ]
    }
   ],
   "source": [
    "np.arange(5,10,2,2)  "
   ]
  },
  {
   "cell_type": "code",
   "execution_count": null,
   "id": "bae09099-3f57-4554-b974-fee89a73c703",
   "metadata": {},
   "outputs": [],
   "source": []
  },
  {
   "cell_type": "markdown",
   "id": "d62e44c4-67a9-460d-ad46-2e07b7bb6f7a",
   "metadata": {},
   "source": [
    "# Zeros"
   ]
  },
  {
   "cell_type": "code",
   "execution_count": 79,
   "id": "39b78761-b2fc-442a-8854-cd544f71d3a6",
   "metadata": {},
   "outputs": [
    {
     "data": {
      "text/plain": [
       "array([0., 0., 0., 0., 0.])"
      ]
     },
     "execution_count": 79,
     "metadata": {},
     "output_type": "execute_result"
    }
   ],
   "source": [
    "np.zeros(5)                                                #parameter tunning "
   ]
  },
  {
   "cell_type": "code",
   "execution_count": 80,
   "id": "16701ea7-e260-4037-ad8f-c03ce5791ba1",
   "metadata": {},
   "outputs": [
    {
     "data": {
      "text/plain": [
       "array([0, 0, 0, 0, 0])"
      ]
     },
     "execution_count": 80,
     "metadata": {},
     "output_type": "execute_result"
    }
   ],
   "source": [
    "np.zeros(5, dtype=int)                                        #hyperparameter tunning "
   ]
  },
  {
   "cell_type": "code",
   "execution_count": 81,
   "id": "1c88c790-429d-4104-add8-f412cc55f619",
   "metadata": {},
   "outputs": [
    {
     "data": {
      "text/plain": [
       "array([[0, 0],\n",
       "       [0, 0]])"
      ]
     },
     "execution_count": 81,
     "metadata": {},
     "output_type": "execute_result"
    }
   ],
   "source": [
    "np.zeros([2,2],dtype=int)                           # [2,2] 2 rows and 2 Colums"
   ]
  },
  {
   "cell_type": "code",
   "execution_count": 82,
   "id": "fe7e27f7-bb90-4aea-8fef-4c10ad05bbb6",
   "metadata": {},
   "outputs": [
    {
     "data": {
      "text/plain": [
       "array([[0., 0.],\n",
       "       [0., 0.]])"
      ]
     },
     "execution_count": 82,
     "metadata": {},
     "output_type": "execute_result"
    }
   ],
   "source": [
    "np.zeros([2,2])   "
   ]
  },
  {
   "cell_type": "code",
   "execution_count": 83,
   "id": "a22e5865-35fe-4e69-b362-ea5b0fd148a6",
   "metadata": {},
   "outputs": [
    {
     "data": {
      "text/plain": [
       "array([[0, 0, 0, 0, 0],\n",
       "       [0, 0, 0, 0, 0],\n",
       "       [0, 0, 0, 0, 0],\n",
       "       [0, 0, 0, 0, 0],\n",
       "       [0, 0, 0, 0, 0]])"
      ]
     },
     "execution_count": 83,
     "metadata": {},
     "output_type": "execute_result"
    }
   ],
   "source": [
    "np.zeros([5,5],dtype=int)    "
   ]
  },
  {
   "cell_type": "code",
   "execution_count": 84,
   "id": "4b3bec9e-a336-45aa-8207-e8bf51f2e7b8",
   "metadata": {},
   "outputs": [
    {
     "data": {
      "text/plain": [
       "array([[0., 0., 0., 0., 0.],\n",
       "       [0., 0., 0., 0., 0.],\n",
       "       [0., 0., 0., 0., 0.],\n",
       "       [0., 0., 0., 0., 0.],\n",
       "       [0., 0., 0., 0., 0.]])"
      ]
     },
     "execution_count": 84,
     "metadata": {},
     "output_type": "execute_result"
    }
   ],
   "source": [
    "np.zeros([5,5])    "
   ]
  },
  {
   "cell_type": "code",
   "execution_count": null,
   "id": "e9c6c0d6-e412-43fc-95a5-4dd186235b3a",
   "metadata": {},
   "outputs": [],
   "source": []
  },
  {
   "cell_type": "markdown",
   "id": "a6694c8f-237d-4dc9-93ff-159d5352da1d",
   "metadata": {},
   "source": [
    "# Ones"
   ]
  },
  {
   "cell_type": "code",
   "execution_count": 85,
   "id": "5062b7a7-b033-434a-b61a-91163d9d012a",
   "metadata": {},
   "outputs": [
    {
     "data": {
      "text/plain": [
       "array([1.])"
      ]
     },
     "execution_count": 85,
     "metadata": {},
     "output_type": "execute_result"
    }
   ],
   "source": [
    "np.ones(1)"
   ]
  },
  {
   "cell_type": "code",
   "execution_count": 86,
   "id": "05d6b3f8-dd07-4004-90f5-7dd792bb53f1",
   "metadata": {},
   "outputs": [
    {
     "data": {
      "text/plain": [
       "array([1., 1., 1., 1., 1.])"
      ]
     },
     "execution_count": 86,
     "metadata": {},
     "output_type": "execute_result"
    }
   ],
   "source": [
    "np.ones(5)"
   ]
  },
  {
   "cell_type": "code",
   "execution_count": 87,
   "id": "a71f84fc-5ae6-4c14-9883-c04d206ea69c",
   "metadata": {},
   "outputs": [
    {
     "data": {
      "text/plain": [
       "array([1, 1, 1, 1, 1])"
      ]
     },
     "execution_count": 87,
     "metadata": {},
     "output_type": "execute_result"
    }
   ],
   "source": [
    "np.ones(5,dtype=int)"
   ]
  },
  {
   "cell_type": "code",
   "execution_count": 88,
   "id": "846ee51c-f26f-462d-a224-881cbc6bdc26",
   "metadata": {},
   "outputs": [
    {
     "data": {
      "text/plain": [
       "array([[1., 1., 1., 1., 1.],\n",
       "       [1., 1., 1., 1., 1.],\n",
       "       [1., 1., 1., 1., 1.],\n",
       "       [1., 1., 1., 1., 1.],\n",
       "       [1., 1., 1., 1., 1.]])"
      ]
     },
     "execution_count": 88,
     "metadata": {},
     "output_type": "execute_result"
    }
   ],
   "source": [
    "np.ones([5,5])"
   ]
  },
  {
   "cell_type": "code",
   "execution_count": 89,
   "id": "866719c4-f652-41a0-bf45-7e11060c6ef0",
   "metadata": {},
   "outputs": [
    {
     "data": {
      "text/plain": [
       "array([[1, 1, 1, 1, 1],\n",
       "       [1, 1, 1, 1, 1],\n",
       "       [1, 1, 1, 1, 1],\n",
       "       [1, 1, 1, 1, 1],\n",
       "       [1, 1, 1, 1, 1]])"
      ]
     },
     "execution_count": 89,
     "metadata": {},
     "output_type": "execute_result"
    }
   ],
   "source": [
    "np.ones([5,5],dtype=int)"
   ]
  },
  {
   "cell_type": "code",
   "execution_count": null,
   "id": "f6fdccc2-7b62-4446-bb73-aa9ecb09743f",
   "metadata": {},
   "outputs": [],
   "source": []
  },
  {
   "cell_type": "markdown",
   "id": "dd5b9c8b-7fcc-402a-a7a9-78380cc729d4",
   "metadata": {},
   "source": [
    "# Random"
   ]
  },
  {
   "cell_type": "code",
   "execution_count": 90,
   "id": "bc8e053b-f614-4dad-b229-707cc65c5974",
   "metadata": {},
   "outputs": [
    {
     "data": {
      "text/plain": [
       "array([0.16401132, 0.19518487, 0.24715484, 0.26228055, 0.53342532])"
      ]
     },
     "execution_count": 90,
     "metadata": {},
     "output_type": "execute_result"
    }
   ],
   "source": [
    "np.random.rand(5)"
   ]
  },
  {
   "cell_type": "code",
   "execution_count": 91,
   "id": "e13a0c93-44bc-4c59-9395-82b20f6e2342",
   "metadata": {},
   "outputs": [
    {
     "data": {
      "text/plain": [
       "array([0.20821196])"
      ]
     },
     "execution_count": 91,
     "metadata": {},
     "output_type": "execute_result"
    }
   ],
   "source": [
    "np.random.rand(1)"
   ]
  },
  {
   "cell_type": "code",
   "execution_count": 92,
   "id": "254756d3-b78d-4b7f-a2c8-cb5558d71f6e",
   "metadata": {},
   "outputs": [
    {
     "data": {
      "text/plain": [
       "array([0.27986543, 0.91734654, 0.11475555, 0.46674096, 0.37328973,\n",
       "       0.03930044, 0.39004581, 0.87240294, 0.2776132 , 0.90714605])"
      ]
     },
     "execution_count": 92,
     "metadata": {},
     "output_type": "execute_result"
    }
   ],
   "source": [
    "np.random.rand(10)                                          # Will give output of random float values from 0 to 10"
   ]
  },
  {
   "cell_type": "code",
   "execution_count": 93,
   "id": "20a6eb16-0c25-4be0-917f-89cb30199cb3",
   "metadata": {},
   "outputs": [
    {
     "data": {
      "text/plain": [
       "array([[0.35825229, 0.10320113, 0.97108681, 0.44087765, 0.95340727,\n",
       "        0.65988555, 0.32832425, 0.2217394 , 0.43501502, 0.29567843]])"
      ]
     },
     "execution_count": 93,
     "metadata": {},
     "output_type": "execute_result"
    }
   ],
   "source": [
    "np.random.rand(1,10)"
   ]
  },
  {
   "cell_type": "code",
   "execution_count": 94,
   "id": "eddc4878-08eb-4a3c-bde7-4709a40932ee",
   "metadata": {},
   "outputs": [
    {
     "data": {
      "text/plain": [
       "4"
      ]
     },
     "execution_count": 94,
     "metadata": {},
     "output_type": "execute_result"
    }
   ],
   "source": [
    "np.random.randint(10)                                              # Will give output of any random value"
   ]
  },
  {
   "cell_type": "code",
   "execution_count": 95,
   "id": "a74fa398-e091-457e-baef-b4a8bc898a9c",
   "metadata": {},
   "outputs": [
    {
     "data": {
      "text/plain": [
       "9"
      ]
     },
     "execution_count": 95,
     "metadata": {},
     "output_type": "execute_result"
    }
   ],
   "source": [
    "np.random.randint(1,10)      "
   ]
  },
  {
   "cell_type": "code",
   "execution_count": 96,
   "id": "8b2c28a1-4909-425e-a88e-9961c588222e",
   "metadata": {},
   "outputs": [
    {
     "data": {
      "text/plain": [
       "9"
      ]
     },
     "execution_count": 96,
     "metadata": {},
     "output_type": "execute_result"
    }
   ],
   "source": [
    "np.random.randint(1,10)    "
   ]
  },
  {
   "cell_type": "code",
   "execution_count": 97,
   "id": "16b48751-57a9-49bc-bfd3-a00a60d496d0",
   "metadata": {},
   "outputs": [
    {
     "data": {
      "text/plain": [
       "8"
      ]
     },
     "execution_count": 97,
     "metadata": {},
     "output_type": "execute_result"
    }
   ],
   "source": [
    "np.random.randint(1,10)    "
   ]
  },
  {
   "cell_type": "code",
   "execution_count": 111,
   "id": "3597b9da-50e1-489b-b7d2-28d68b2b6844",
   "metadata": {},
   "outputs": [
    {
     "name": "stdout",
     "output_type": "stream",
     "text": [
      "[7 9 5 9]\n"
     ]
    }
   ],
   "source": [
    "otp = np.random.randint(5,10,4)\n",
    "print(otp)"
   ]
  },
  {
   "cell_type": "code",
   "execution_count": 112,
   "id": "0c5b8161-b833-4aaa-bd5d-a91d9956ef91",
   "metadata": {},
   "outputs": [
    {
     "data": {
      "text/plain": [
       "array([7, 9, 5, 9], dtype=int32)"
      ]
     },
     "execution_count": 112,
     "metadata": {},
     "output_type": "execute_result"
    }
   ],
   "source": [
    "otp"
   ]
  },
  {
   "cell_type": "code",
   "execution_count": 113,
   "id": "3187ea3b-37c5-42d6-bce5-8b2109ff04ee",
   "metadata": {},
   "outputs": [
    {
     "name": "stdout",
     "output_type": "stream",
     "text": [
      "[5 5 8 9]\n"
     ]
    }
   ],
   "source": [
    "otp = np.random.randint(5,10,4)\n",
    "print(otp)"
   ]
  },
  {
   "cell_type": "code",
   "execution_count": null,
   "id": "6cee4527-67fb-46cd-bef0-e7948cc7606a",
   "metadata": {},
   "outputs": [],
   "source": []
  },
  {
   "cell_type": "code",
   "execution_count": 121,
   "id": "e1804870-0089-4c41-a1e9-449f76f04569",
   "metadata": {},
   "outputs": [
    {
     "name": "stdout",
     "output_type": "stream",
     "text": [
      "[[34 15 38 30 40 10 30 47 30 35]\n",
      " [45 38 18 43 48 35 47 32 22 46]\n",
      " [26 36 45 26 26 11 22 10 15 16]\n",
      " [37 24 47 44 42 38 44 35 39 36]\n",
      " [24 19 33 11 25 33 43 23 35 39]\n",
      " [15 33 18 28 12 17 36 25 20 22]\n",
      " [37 38 14 10 31 27 24 15 21 39]\n",
      " [24 27 46 24 43 12 47 30 13 15]\n",
      " [44 23 26 36 25 11 40 26 30 37]\n",
      " [25 15 20 29 27 38 27 46 47 46]]\n"
     ]
    }
   ],
   "source": [
    "arr1=np.random.randint(10,50,(10,10))\n",
    "print(arr1)"
   ]
  },
  {
   "cell_type": "code",
   "execution_count": null,
   "id": "49f9cbb8-f7e1-4e47-9b9a-93881c5688ea",
   "metadata": {},
   "outputs": [],
   "source": []
  },
  {
   "cell_type": "markdown",
   "id": "cc4cd61c-fea6-421f-b544-96a730200268",
   "metadata": {},
   "source": [
    "# Indexing Slicing & Array"
   ]
  },
  {
   "cell_type": "code",
   "execution_count": 122,
   "id": "2dbd8e47-4d8f-4875-a741-8cec2b04db58",
   "metadata": {},
   "outputs": [
    {
     "data": {
      "text/plain": [
       "array([[34, 15, 38, 30, 40, 10, 30, 47, 30, 35],\n",
       "       [45, 38, 18, 43, 48, 35, 47, 32, 22, 46],\n",
       "       [26, 36, 45, 26, 26, 11, 22, 10, 15, 16],\n",
       "       [37, 24, 47, 44, 42, 38, 44, 35, 39, 36],\n",
       "       [24, 19, 33, 11, 25, 33, 43, 23, 35, 39],\n",
       "       [15, 33, 18, 28, 12, 17, 36, 25, 20, 22],\n",
       "       [37, 38, 14, 10, 31, 27, 24, 15, 21, 39],\n",
       "       [24, 27, 46, 24, 43, 12, 47, 30, 13, 15],\n",
       "       [44, 23, 26, 36, 25, 11, 40, 26, 30, 37],\n",
       "       [25, 15, 20, 29, 27, 38, 27, 46, 47, 46]], dtype=int32)"
      ]
     },
     "execution_count": 122,
     "metadata": {},
     "output_type": "execute_result"
    }
   ],
   "source": [
    "arr1"
   ]
  },
  {
   "cell_type": "code",
   "execution_count": 123,
   "id": "088d30c0-e4ca-463a-99cc-9bdfa8a7002c",
   "metadata": {},
   "outputs": [
    {
     "data": {
      "text/plain": [
       "array([[34, 15, 38, 30, 40, 10, 30, 47, 30, 35],\n",
       "       [45, 38, 18, 43, 48, 35, 47, 32, 22, 46],\n",
       "       [26, 36, 45, 26, 26, 11, 22, 10, 15, 16],\n",
       "       [37, 24, 47, 44, 42, 38, 44, 35, 39, 36],\n",
       "       [24, 19, 33, 11, 25, 33, 43, 23, 35, 39],\n",
       "       [15, 33, 18, 28, 12, 17, 36, 25, 20, 22],\n",
       "       [37, 38, 14, 10, 31, 27, 24, 15, 21, 39],\n",
       "       [24, 27, 46, 24, 43, 12, 47, 30, 13, 15],\n",
       "       [44, 23, 26, 36, 25, 11, 40, 26, 30, 37],\n",
       "       [25, 15, 20, 29, 27, 38, 27, 46, 47, 46]], dtype=int32)"
      ]
     },
     "execution_count": 123,
     "metadata": {},
     "output_type": "execute_result"
    }
   ],
   "source": [
    "arr1[:]"
   ]
  },
  {
   "cell_type": "code",
   "execution_count": 125,
   "id": "6e829339-ae80-48f2-b5d0-839dbb5d06bd",
   "metadata": {},
   "outputs": [
    {
     "data": {
      "text/plain": [
       "array([[34, 15, 38, 30, 40, 10, 30, 47, 30, 35],\n",
       "       [45, 38, 18, 43, 48, 35, 47, 32, 22, 46],\n",
       "       [26, 36, 45, 26, 26, 11, 22, 10, 15, 16],\n",
       "       [37, 24, 47, 44, 42, 38, 44, 35, 39, 36],\n",
       "       [24, 19, 33, 11, 25, 33, 43, 23, 35, 39],\n",
       "       [15, 33, 18, 28, 12, 17, 36, 25, 20, 22],\n",
       "       [37, 38, 14, 10, 31, 27, 24, 15, 21, 39],\n",
       "       [24, 27, 46, 24, 43, 12, 47, 30, 13, 15],\n",
       "       [44, 23, 26, 36, 25, 11, 40, 26, 30, 37],\n",
       "       [25, 15, 20, 29, 27, 38, 27, 46, 47, 46]], dtype=int32)"
      ]
     },
     "execution_count": 125,
     "metadata": {},
     "output_type": "execute_result"
    }
   ],
   "source": [
    "arr1[::1]"
   ]
  },
  {
   "cell_type": "code",
   "execution_count": 126,
   "id": "ed88b5ed-4107-4d63-aab7-60f11f70dee1",
   "metadata": {},
   "outputs": [
    {
     "data": {
      "text/plain": [
       "array([[25, 15, 20, 29, 27, 38, 27, 46, 47, 46],\n",
       "       [44, 23, 26, 36, 25, 11, 40, 26, 30, 37],\n",
       "       [24, 27, 46, 24, 43, 12, 47, 30, 13, 15],\n",
       "       [37, 38, 14, 10, 31, 27, 24, 15, 21, 39],\n",
       "       [15, 33, 18, 28, 12, 17, 36, 25, 20, 22],\n",
       "       [24, 19, 33, 11, 25, 33, 43, 23, 35, 39],\n",
       "       [37, 24, 47, 44, 42, 38, 44, 35, 39, 36],\n",
       "       [26, 36, 45, 26, 26, 11, 22, 10, 15, 16],\n",
       "       [45, 38, 18, 43, 48, 35, 47, 32, 22, 46],\n",
       "       [34, 15, 38, 30, 40, 10, 30, 47, 30, 35]], dtype=int32)"
      ]
     },
     "execution_count": 126,
     "metadata": {},
     "output_type": "execute_result"
    }
   ],
   "source": [
    "arr1[::-1]"
   ]
  },
  {
   "cell_type": "code",
   "execution_count": 129,
   "id": "a30b133c-c430-44af-ba0f-ba7f9ac7d7c7",
   "metadata": {},
   "outputs": [
    {
     "data": {
      "text/plain": [
       "array([[34, 15, 38, 30, 40, 10, 30, 47, 30, 35],\n",
       "       [45, 38, 18, 43, 48, 35, 47, 32, 22, 46],\n",
       "       [26, 36, 45, 26, 26, 11, 22, 10, 15, 16],\n",
       "       [37, 24, 47, 44, 42, 38, 44, 35, 39, 36],\n",
       "       [24, 19, 33, 11, 25, 33, 43, 23, 35, 39],\n",
       "       [15, 33, 18, 28, 12, 17, 36, 25, 20, 22],\n",
       "       [37, 38, 14, 10, 31, 27, 24, 15, 21, 39],\n",
       "       [24, 27, 46, 24, 43, 12, 47, 30, 13, 15],\n",
       "       [44, 23, 26, 36, 25, 11, 40, 26, 30, 37],\n",
       "       [25, 15, 20, 29, 27, 38, 27, 46, 47, 46]], dtype=int32)"
      ]
     },
     "execution_count": 129,
     "metadata": {},
     "output_type": "execute_result"
    }
   ],
   "source": [
    "arr1"
   ]
  },
  {
   "cell_type": "code",
   "execution_count": 130,
   "id": "fae6111c-8c16-4c9b-8f9f-b0f39927ebd2",
   "metadata": {},
   "outputs": [
    {
     "data": {
      "text/plain": [
       "np.int32(38)"
      ]
     },
     "execution_count": 130,
     "metadata": {},
     "output_type": "execute_result"
    }
   ],
   "source": [
    "arr1[1,1]                                                        # row number 1   / # Colum Number 1"
   ]
  },
  {
   "cell_type": "code",
   "execution_count": 134,
   "id": "24cf789e-0466-450b-99a5-13b1e3b11771",
   "metadata": {},
   "outputs": [
    {
     "data": {
      "text/plain": [
       "(10, 10)"
      ]
     },
     "execution_count": 134,
     "metadata": {},
     "output_type": "execute_result"
    }
   ],
   "source": [
    "arr1.shape"
   ]
  },
  {
   "cell_type": "code",
   "execution_count": 135,
   "id": "479890c6-d8d2-4055-9678-db6ab26b1a52",
   "metadata": {},
   "outputs": [
    {
     "data": {
      "text/plain": [
       "10"
      ]
     },
     "execution_count": 135,
     "metadata": {},
     "output_type": "execute_result"
    }
   ],
   "source": [
    "len(arr1)"
   ]
  },
  {
   "cell_type": "code",
   "execution_count": 136,
   "id": "51b9a2f1-cdef-4b91-9113-d6dfe2bc59a2",
   "metadata": {},
   "outputs": [
    {
     "data": {
      "text/plain": [
       "array([34, 15, 38, 30, 40, 10, 30, 47, 30, 35], dtype=int32)"
      ]
     },
     "execution_count": 136,
     "metadata": {},
     "output_type": "execute_result"
    }
   ],
   "source": [
    "arr1[0]"
   ]
  },
  {
   "cell_type": "code",
   "execution_count": 137,
   "id": "dfe2c991-8a6d-4a2e-bb04-264a8a38e1a9",
   "metadata": {},
   "outputs": [
    {
     "ename": "IndexError",
     "evalue": "index 10 is out of bounds for axis 0 with size 10",
     "output_type": "error",
     "traceback": [
      "\u001b[31m---------------------------------------------------------------------------\u001b[39m",
      "\u001b[31mIndexError\u001b[39m                                Traceback (most recent call last)",
      "\u001b[36mCell\u001b[39m\u001b[36m \u001b[39m\u001b[32mIn[137]\u001b[39m\u001b[32m, line 1\u001b[39m\n\u001b[32m----> \u001b[39m\u001b[32m1\u001b[39m \u001b[43marr1\u001b[49m\u001b[43m[\u001b[49m\u001b[32;43m10\u001b[39;49m\u001b[43m]\u001b[49m\n",
      "\u001b[31mIndexError\u001b[39m: index 10 is out of bounds for axis 0 with size 10"
     ]
    }
   ],
   "source": [
    "arr1[10]"
   ]
  },
  {
   "cell_type": "code",
   "execution_count": 138,
   "id": "3ea29357-94a1-4d83-986e-eaa4ce6b5b61",
   "metadata": {},
   "outputs": [
    {
     "data": {
      "text/plain": [
       "array([25, 15, 20, 29, 27, 38, 27, 46, 47, 46], dtype=int32)"
      ]
     },
     "execution_count": 138,
     "metadata": {},
     "output_type": "execute_result"
    }
   ],
   "source": [
    "arr1[9]"
   ]
  },
  {
   "cell_type": "code",
   "execution_count": 139,
   "id": "f52dac5b-2f1b-4b55-821d-c9f2338dc4d5",
   "metadata": {},
   "outputs": [
    {
     "data": {
      "text/plain": [
       "array([[34, 15, 38, 30, 40, 10, 30, 47, 30, 35],\n",
       "       [45, 38, 18, 43, 48, 35, 47, 32, 22, 46],\n",
       "       [26, 36, 45, 26, 26, 11, 22, 10, 15, 16],\n",
       "       [37, 24, 47, 44, 42, 38, 44, 35, 39, 36],\n",
       "       [24, 19, 33, 11, 25, 33, 43, 23, 35, 39],\n",
       "       [15, 33, 18, 28, 12, 17, 36, 25, 20, 22],\n",
       "       [37, 38, 14, 10, 31, 27, 24, 15, 21, 39],\n",
       "       [24, 27, 46, 24, 43, 12, 47, 30, 13, 15],\n",
       "       [44, 23, 26, 36, 25, 11, 40, 26, 30, 37],\n",
       "       [25, 15, 20, 29, 27, 38, 27, 46, 47, 46]], dtype=int32)"
      ]
     },
     "execution_count": 139,
     "metadata": {},
     "output_type": "execute_result"
    }
   ],
   "source": [
    "arr1"
   ]
  },
  {
   "cell_type": "code",
   "execution_count": 141,
   "id": "3c98333a-0585-4fd9-b97f-4d472c1a02fc",
   "metadata": {},
   "outputs": [
    {
     "data": {
      "text/plain": [
       "array([[34, 15, 38, 30, 40, 10, 30, 47, 30, 35]], dtype=int32)"
      ]
     },
     "execution_count": 141,
     "metadata": {},
     "output_type": "execute_result"
    }
   ],
   "source": [
    "arr1[:1]"
   ]
  },
  {
   "cell_type": "code",
   "execution_count": 142,
   "id": "d04af84d-52f3-48b5-a75d-43b2127ff490",
   "metadata": {},
   "outputs": [
    {
     "data": {
      "text/plain": [
       "array([[45, 38, 18, 43, 48, 35, 47, 32, 22, 46],\n",
       "       [26, 36, 45, 26, 26, 11, 22, 10, 15, 16],\n",
       "       [37, 24, 47, 44, 42, 38, 44, 35, 39, 36],\n",
       "       [24, 19, 33, 11, 25, 33, 43, 23, 35, 39],\n",
       "       [15, 33, 18, 28, 12, 17, 36, 25, 20, 22],\n",
       "       [37, 38, 14, 10, 31, 27, 24, 15, 21, 39],\n",
       "       [24, 27, 46, 24, 43, 12, 47, 30, 13, 15],\n",
       "       [44, 23, 26, 36, 25, 11, 40, 26, 30, 37],\n",
       "       [25, 15, 20, 29, 27, 38, 27, 46, 47, 46]], dtype=int32)"
      ]
     },
     "execution_count": 142,
     "metadata": {},
     "output_type": "execute_result"
    }
   ],
   "source": [
    "arr1[1:]"
   ]
  },
  {
   "cell_type": "code",
   "execution_count": 143,
   "id": "1b57bbff-73e0-4310-80c1-f8b690c68b6f",
   "metadata": {},
   "outputs": [
    {
     "data": {
      "text/plain": [
       "array([[34, 15, 38, 30, 40, 10, 30, 47, 30, 35],\n",
       "       [45, 38, 18, 43, 48, 35, 47, 32, 22, 46],\n",
       "       [26, 36, 45, 26, 26, 11, 22, 10, 15, 16],\n",
       "       [37, 24, 47, 44, 42, 38, 44, 35, 39, 36],\n",
       "       [24, 19, 33, 11, 25, 33, 43, 23, 35, 39],\n",
       "       [15, 33, 18, 28, 12, 17, 36, 25, 20, 22],\n",
       "       [37, 38, 14, 10, 31, 27, 24, 15, 21, 39],\n",
       "       [24, 27, 46, 24, 43, 12, 47, 30, 13, 15],\n",
       "       [44, 23, 26, 36, 25, 11, 40, 26, 30, 37],\n",
       "       [25, 15, 20, 29, 27, 38, 27, 46, 47, 46]], dtype=int32)"
      ]
     },
     "execution_count": 143,
     "metadata": {},
     "output_type": "execute_result"
    }
   ],
   "source": [
    "arr1[::1]"
   ]
  },
  {
   "cell_type": "code",
   "execution_count": 145,
   "id": "4ac63e76-5d0e-4c67-a812-caa4fc646a46",
   "metadata": {},
   "outputs": [
    {
     "data": {
      "text/plain": [
       "array([[34, 15, 38, 30, 40, 10, 30, 47, 30, 35],\n",
       "       [45, 38, 18, 43, 48, 35, 47, 32, 22, 46],\n",
       "       [26, 36, 45, 26, 26, 11, 22, 10, 15, 16],\n",
       "       [37, 24, 47, 44, 42, 38, 44, 35, 39, 36],\n",
       "       [24, 19, 33, 11, 25, 33, 43, 23, 35, 39],\n",
       "       [15, 33, 18, 28, 12, 17, 36, 25, 20, 22],\n",
       "       [37, 38, 14, 10, 31, 27, 24, 15, 21, 39],\n",
       "       [24, 27, 46, 24, 43, 12, 47, 30, 13, 15],\n",
       "       [44, 23, 26, 36, 25, 11, 40, 26, 30, 37],\n",
       "       [25, 15, 20, 29, 27, 38, 27, 46, 47, 46]], dtype=int32)"
      ]
     },
     "execution_count": 145,
     "metadata": {},
     "output_type": "execute_result"
    }
   ],
   "source": [
    "arr1"
   ]
  },
  {
   "cell_type": "code",
   "execution_count": 146,
   "id": "2d355555-65dc-424d-85ad-30fd2df3dfe9",
   "metadata": {},
   "outputs": [
    {
     "data": {
      "text/plain": [
       "array([[25, 15, 20, 29, 27, 38, 27, 46, 47, 46]], dtype=int32)"
      ]
     },
     "execution_count": 146,
     "metadata": {},
     "output_type": "execute_result"
    }
   ],
   "source": [
    "arr1[-1::]"
   ]
  },
  {
   "cell_type": "code",
   "execution_count": 147,
   "id": "eb802f78-75a7-4d90-a2d7-5024dfa932e8",
   "metadata": {},
   "outputs": [
    {
     "data": {
      "text/plain": [
       "array([[25, 15, 20, 29, 27, 38, 27, 46, 47, 46],\n",
       "       [44, 23, 26, 36, 25, 11, 40, 26, 30, 37],\n",
       "       [24, 27, 46, 24, 43, 12, 47, 30, 13, 15],\n",
       "       [37, 38, 14, 10, 31, 27, 24, 15, 21, 39],\n",
       "       [15, 33, 18, 28, 12, 17, 36, 25, 20, 22],\n",
       "       [24, 19, 33, 11, 25, 33, 43, 23, 35, 39],\n",
       "       [37, 24, 47, 44, 42, 38, 44, 35, 39, 36],\n",
       "       [26, 36, 45, 26, 26, 11, 22, 10, 15, 16],\n",
       "       [45, 38, 18, 43, 48, 35, 47, 32, 22, 46],\n",
       "       [34, 15, 38, 30, 40, 10, 30, 47, 30, 35]], dtype=int32)"
      ]
     },
     "execution_count": 147,
     "metadata": {},
     "output_type": "execute_result"
    }
   ],
   "source": [
    "arr1[::-1]"
   ]
  },
  {
   "cell_type": "code",
   "execution_count": 152,
   "id": "7ffd8f53-8516-46f5-b99b-efed996442ad",
   "metadata": {},
   "outputs": [
    {
     "data": {
      "text/plain": [
       "array([[34, 15, 38, 30, 40, 10, 30, 47, 30, 35],\n",
       "       [45, 38, 18, 43, 48, 35, 47, 32, 22, 46],\n",
       "       [26, 36, 45, 26, 26, 11, 22, 10, 15, 16],\n",
       "       [37, 24, 47, 44, 42, 38, 44, 35, 39, 36],\n",
       "       [24, 19, 33, 11, 25, 33, 43, 23, 35, 39],\n",
       "       [15, 33, 18, 28, 12, 17, 36, 25, 20, 22],\n",
       "       [37, 38, 14, 10, 31, 27, 24, 15, 21, 39],\n",
       "       [24, 27, 46, 24, 43, 12, 47, 30, 13, 15],\n",
       "       [44, 23, 26, 36, 25, 11, 40, 26, 30, 37],\n",
       "       [25, 15, 20, 29, 27, 38, 27, 46, 47, 46]], dtype=int32)"
      ]
     },
     "execution_count": 152,
     "metadata": {},
     "output_type": "execute_result"
    }
   ],
   "source": [
    "arr1"
   ]
  },
  {
   "cell_type": "code",
   "execution_count": 153,
   "id": "c4c88183-617e-4cb5-ba8b-860174bfc2f6",
   "metadata": {},
   "outputs": [
    {
     "data": {
      "text/plain": [
       "array([34, 45, 26, 37, 24, 15, 37, 24, 44, 25], dtype=int32)"
      ]
     },
     "execution_count": 153,
     "metadata": {},
     "output_type": "execute_result"
    }
   ],
   "source": [
    "arr1[:,0]                                                        # To print colum"
   ]
  },
  {
   "cell_type": "code",
   "execution_count": 154,
   "id": "8af56cde-3330-4e75-bb02-115532659caa",
   "metadata": {},
   "outputs": [
    {
     "data": {
      "text/plain": [
       "array([15, 38, 36, 24, 19, 33, 38, 27, 23, 15], dtype=int32)"
      ]
     },
     "execution_count": 154,
     "metadata": {},
     "output_type": "execute_result"
    }
   ],
   "source": [
    "arr1[:,1]"
   ]
  },
  {
   "cell_type": "code",
   "execution_count": 155,
   "id": "b2396961-3424-47a4-b9e5-a1126f8ec2f9",
   "metadata": {},
   "outputs": [
    {
     "data": {
      "text/plain": [
       "array([38, 18, 45, 47, 33, 18, 14, 46, 26, 20], dtype=int32)"
      ]
     },
     "execution_count": 155,
     "metadata": {},
     "output_type": "execute_result"
    }
   ],
   "source": [
    "arr1[:,2]"
   ]
  },
  {
   "cell_type": "code",
   "execution_count": 156,
   "id": "b1957913-b95f-4b02-94cf-05966d45799c",
   "metadata": {},
   "outputs": [
    {
     "data": {
      "text/plain": [
       "array([[34, 15, 38, 30, 40, 10, 30, 47, 30, 35],\n",
       "       [45, 38, 18, 43, 48, 35, 47, 32, 22, 46],\n",
       "       [26, 36, 45, 26, 26, 11, 22, 10, 15, 16],\n",
       "       [37, 24, 47, 44, 42, 38, 44, 35, 39, 36],\n",
       "       [24, 19, 33, 11, 25, 33, 43, 23, 35, 39],\n",
       "       [15, 33, 18, 28, 12, 17, 36, 25, 20, 22],\n",
       "       [37, 38, 14, 10, 31, 27, 24, 15, 21, 39],\n",
       "       [24, 27, 46, 24, 43, 12, 47, 30, 13, 15],\n",
       "       [44, 23, 26, 36, 25, 11, 40, 26, 30, 37],\n",
       "       [25, 15, 20, 29, 27, 38, 27, 46, 47, 46]], dtype=int32)"
      ]
     },
     "execution_count": 156,
     "metadata": {},
     "output_type": "execute_result"
    }
   ],
   "source": [
    "arr1"
   ]
  },
  {
   "cell_type": "code",
   "execution_count": 158,
   "id": "f8a55815-d322-4741-845b-f731d5dd34b7",
   "metadata": {},
   "outputs": [
    {
     "data": {
      "text/plain": [
       "array([[47, 44, 42, 38]], dtype=int32)"
      ]
     },
     "execution_count": 158,
     "metadata": {},
     "output_type": "execute_result"
    }
   ],
   "source": [
    "arr1[3:4, 2:6]"
   ]
  },
  {
   "cell_type": "raw",
   "id": "f1d62a4a-d223-4d74-93f0-13af70a27044",
   "metadata": {},
   "source": [
    "# array[row_start:row_end, col_start:col_end]\n",
    "\n",
    "So your code means:\n",
    "\n",
    "3:4 → rows from index 3 to 3 (4 is excluded)\n",
    "2:6 → columns from index 2 to 5"
   ]
  },
  {
   "cell_type": "code",
   "execution_count": 159,
   "id": "13d46da0-d2b9-4c64-9958-a74a286c92f1",
   "metadata": {},
   "outputs": [
    {
     "data": {
      "text/plain": [
       "array([[38, 18, 43, 48, 35],\n",
       "       [36, 45, 26, 26, 11],\n",
       "       [24, 47, 44, 42, 38]], dtype=int32)"
      ]
     },
     "execution_count": 159,
     "metadata": {},
     "output_type": "execute_result"
    }
   ],
   "source": [
    "arr1[1:4, 1:6]"
   ]
  },
  {
   "cell_type": "code",
   "execution_count": null,
   "id": "e9facd0e-c197-4391-ac04-5df4c559e060",
   "metadata": {},
   "outputs": [],
   "source": []
  },
  {
   "cell_type": "code",
   "execution_count": null,
   "id": "22cf0920-76e9-43b0-ac93-678490fcde82",
   "metadata": {},
   "outputs": [],
   "source": []
  },
  {
   "cell_type": "markdown",
   "id": "9b1d9ca6-aadb-4c2c-b006-a9b6fdde6042",
   "metadata": {},
   "source": [
    "#  1. Arange"
   ]
  },
  {
   "cell_type": "code",
   "execution_count": 191,
   "id": "1bd2ef42-6f8f-45ed-955b-2298121922df",
   "metadata": {},
   "outputs": [
    {
     "data": {
      "text/plain": [
       "array([0, 1, 2, 3, 4, 5, 6, 7, 8, 9])"
      ]
     },
     "execution_count": 191,
     "metadata": {},
     "output_type": "execute_result"
    }
   ],
   "source": [
    "np.arange(10)"
   ]
  },
  {
   "cell_type": "code",
   "execution_count": 192,
   "id": "47850fd7-4469-4099-97ca-61be4d172a4f",
   "metadata": {},
   "outputs": [
    {
     "data": {
      "text/plain": [
       "array([ 0,  1,  2,  3,  4,  5,  6,  7,  8,  9, 10])"
      ]
     },
     "execution_count": 192,
     "metadata": {},
     "output_type": "execute_result"
    }
   ],
   "source": [
    "np.arange(11)"
   ]
  },
  {
   "cell_type": "code",
   "execution_count": 193,
   "id": "aa1453e4-9470-4bf7-b274-1503c8c5eb17",
   "metadata": {},
   "outputs": [
    {
     "data": {
      "text/plain": [
       "array([2, 3, 4, 5, 6, 7, 8, 9])"
      ]
     },
     "execution_count": 193,
     "metadata": {},
     "output_type": "execute_result"
    }
   ],
   "source": [
    "np.arange(2,10)"
   ]
  },
  {
   "cell_type": "code",
   "execution_count": 194,
   "id": "9e582e10-6ce9-4f4d-8bb6-b1f5cef59803",
   "metadata": {},
   "outputs": [
    {
     "data": {
      "text/plain": [
       "array([2, 4, 6, 8])"
      ]
     },
     "execution_count": 194,
     "metadata": {},
     "output_type": "execute_result"
    }
   ],
   "source": [
    "np.arange(2,10,2)"
   ]
  },
  {
   "cell_type": "code",
   "execution_count": 197,
   "id": "b0e6ca3c-90dc-4b36-8616-3b4c2f00a355",
   "metadata": {},
   "outputs": [
    {
     "data": {
      "text/plain": [
       "array([[ 1,  2,  3,  4],\n",
       "       [ 5,  6,  7,  8],\n",
       "       [ 9, 10, 11, 12]])"
      ]
     },
     "execution_count": 197,
     "metadata": {},
     "output_type": "execute_result"
    }
   ],
   "source": [
    "np.arange(1,13).reshape(3,4)"
   ]
  },
  {
   "cell_type": "code",
   "execution_count": 207,
   "id": "3ae517b0-4286-4e15-98bc-27e30bb476ad",
   "metadata": {},
   "outputs": [
    {
     "data": {
      "text/plain": [
       "array([[ 1,  2,  3,  4],\n",
       "       [ 5,  6,  7,  8],\n",
       "       [ 9, 10, 11, 12],\n",
       "       [13, 14, 15, 16]])"
      ]
     },
     "execution_count": 207,
     "metadata": {},
     "output_type": "execute_result"
    }
   ],
   "source": [
    "np.arange(1,17).reshape(4,4)"
   ]
  },
  {
   "cell_type": "code",
   "execution_count": 209,
   "id": "d3b0fddb-7cd8-434b-928f-fcddb58079c0",
   "metadata": {},
   "outputs": [
    {
     "name": "stdout",
     "output_type": "stream",
     "text": [
